hit_macro_f1 = 0.49190178516700095
hit_micro_f1 = 0.8541685309470545
hit_precision = 0.8543223212410358
hit_recall = 0.9988072686451975
loss = 1.8392248749732971
pitch_macro_f1 = 0.3349394739822459
pitch_micro_f1 = 0.3791498881431768

CHUP : 0.4145992986102091
CURV : 0.3019551049963794
CUTT : 0.313179643323184
FAST : 0.351662925933483
FORK : 0.4446245272825499
KNUC : 0.0
SINK : 0.0
SLID : 0.37894025183807994
TWOS : 0.4745540398740819

[[1596  328  399  145   77    0    0  248  379]
 [ 162 1251  453  147  336    0    0  276  599]
 [  34   22  720    4   50    0    0   11  142]
 [2003 2094 1473 3447 2178    0    0 2633 1080]
 [  14  158  103  138 1646    0    0  207   53]
 [   0    0    0    0    0    0    0    0    0]
 [   0    0    0    0    2    0    0    0    0]
 [ 583  934  178  740  678    0    0 2242  744]
 [ 135  275  289   75  118    0    0  117 1809]]